data/lyr.1.asc
NCOLS 654
NROWS 866
XLLCORNER 3280414.711633467
YLLCORNER 5237500.62890625
CELLSIZE 1000
NODATA_VALUE -999
[rows 328 to 368 of 866, columns 282 to 375 of 654]
242 244 245 246 246 246 246 246 246 245 244 245 246 247 247 246 246 247 247 247 245 243 245 242 237 241 243 242 239 244 245 246 246 247 248 248 247 246 245 244 242 240 243 246 248 249 249 249 248 247 248 246 246 246 244 244 247 248 247 249 249 250 248 248 248 249 250 249 248 248 250 250 249 247 246 246 245 247 247 247 247 247 248 247 245 244 243 241 239 239 240 240 241 243
243 243 243 243 243 245 246 247 246 246 246 246 247 246 245 246 247 245 244 246 246 245 240 242 243 245 245 243 239 239 240 245 246 247 247 247 247 247 245 244 243 240 243 247 249 249 249 248 247 246 245 245 246 246 246 246 245 246 247 248 250 250 247 246 248 246 248 249 249 250 249 250 249 250 249 249 249 248 249 248 248 249 248 248 246 246 243 242 243 242 240 240 240 243
242 236 236 238 239 240 243 241 246 243 239 241 239 241 242 238 247 245 245 242 245 245 246 246 245 245 245 245 243 239 238 239 243 246 246 246 247 246 246 245 243 241 242 248 249 248 246 246 248 248 248 248 246 247 247 248 248 247 247 248 249 249 250 249 243 245 247 249 249 249 249 251 251 251 251 250 249 250 250 250 249 249 249 248 247 247 247 245 247 244 242 242 241 242
239 239 238 232 229 236 242 240 246 243 232 236 240 243 244 245 247 244 245 242 238 242 245 245 244 246 246 245 243 241 238 241 241 246 246 246 246 246 246 246 244 242 243 246 249 247 249 249 248 246 246 246 247 247 247 247 248 250 250 248 249 250 249 250 248 248 246 250 250 251 250 251 251 250 250 251 251 250 250 250 249 248 248 247 247 247 248 247 247 247 246 244 242 245
237 233 236 231 227 232 240 244 242 243 244 236 241 240 239 247 245 244 244 244 238 240 245 246 244 245 243 243 243 240 235 242 243 245 246 247 247 246 245 244 244 244 244 247 249 248 248 249 248 247 246 248 248 248 247 247 247 250 250 248 248 250 250 250 251 251 250 249 251 252 252 252 252 251 251 251 251 250 250 249 249 249 249 249 248 249 250 250 248 246 245 247 247 247
237 236 236 227 230 241 245 240 232 236 238 242 242 234 244 247 241 243 243 242 238 238 242 245 246 245 243 243 243 241 241 243 244 246 246 247 247 246 244 244 246 246 248 248 249 249 248 249 246 246 248 249 250 250 250 248 249 250 250 250 250 251 251 251 251 251 251 251 252 251 252 252 252 251 251 251 251 251 250 250 250 250 250 251 251 251 251 250 248 248 249 248 249 249
238 239 237 236 240 237 245 237 241 240 239 241 237 241 246 245 242 239 242 242 241 235 240 245 246 246 244 244 243 243 243 244 244 243 246 247 247 248 245 245 248 249 249 248 249 249 249 249 249 249 249 250 250 249 248 248 250 250 250 250 250 250 251 251 250 250 251 250 250 251 251 252 252 252 252 251 251 251 251 251 251 251 251 251 251 251 251 251 251 250 250 251 250 250
238 241 239 238 237 241 245 242 242 241 233 239 242 244 246 244 243 240 241 243 238 234 238 243 245 246 245 245 244 244 243 243 243 244 246 247 248 246 249 249 249 247 248 249 249 249 249 249 249 250 250 250 250 244 245 243 245 248 249 250 248 251 250 249 250 250 251 251 249 250 249 252 250 250 251 252 252 251 251 251 251 251 251 251 251 252 252 252 251 251 251 251 251 251
238 240 241 242 241 244 244 241 238 243 242 244 245 246 246 246 245 243 240 241 238 232 236 240 244 245 246 245 245 244 243 238 239 238 244 246 247 246 248 247 245 245 247 249 249 249 247 249 247 250 249 245 246 238 237 238 241 244 247 250 248 249 250 251 250 250 250 250 249 248 249 248 248 248 249 251 251 251 251 251 250 251 249 250 250 252 252 252 251 251 251 251 252 252
236 238 240 241 242 244 242 241 242 241 242 244 245 245 245 245 245 243 240 238 239 238 235 238 243 244 244 245 245 244 244 243 240 232 242 245 245 245 247 244 244 245 248 249 249 249 247 247 246 245 248 247 241 242 238 235 237 240 245 248 250 249 249 249 248 249 248 249 248 248 247 248 249 249 249 250 251 251 251 251 251 250 249 249 250 252 252 252 252 251 251 252 252 252
233 237 239 240 243 242 242 238 242 242 242 242 244 245 246 245 245 244 241 240 240 238 236 239 243 243 242 239 241 243 244 244 243 242 242 240 245 245 245 246 245 246 248 249 250 249 248 248 250 248 246 248 245 243 240 237 236 238 244 247 250 248 247 247 247 247 247 249 247 248 249 248 248 249 250 249 249 250 251 251 250 250 250 250 250 251 252 252 252 252 252 252 252 252
231 236 238 239 241 237 241 236 239 240 240 241 242 243 246 245 245 243 241 240 240 243 238 243 244 238 238 234 234 240 242 244 244 243 241 239 244 245 245 244 245 247 249 247 249 249 249 247 247 250 250 246 247 244 244 241 237 236 242 246 248 248 248 243 243 243 246 247 247 247 249 250 249 249 250 250 251 250 249 250 249 249 249 249 250 251 252 252 252 252 252 252 252 252
230 235 238 240 237 237 237 237 238 233 236 237 239 242 245 244 244 243 243 240 240 242 240 243 243 240 238 232 237 241 242 243 243 242 240 237 240 245 243 242 245 246 246 248 248 247 247 247 249 250 249 249 248 248 247 243 243 242 243 247 249 248 246 241 239 240 244 246 246 247 247 248 249 249 249 249 249 246 247 246 246 246 247 247 249 251 252 252 252 252 252 252 252 252
228 233 236 239 239 235 232 238 240 233 231 233 239 242 243 243 243 243 241 236 238 240 241 243 242 240 240 236 239 241 241 242 243 243 239 235 235 240 244 245 245 245 245 247 247 246 248 248 248 247 248 249 249 249 248 247 245 245 245 248 247 247 248 246 241 240 242 245 244 245 246 247 248 247 247 247 247 242 242 243 244 245 247 249 251 252 252 252 252 251 251 251 252 252
229 228 235 237 238 233 231 238 240 240 237 234 234 241 243 246 245 243 243 237 238 238 242 242 242 240 239 238 239 239 241 243 242 242 240 239 235 235 239 244 245 243 239 243 245 245 248 248 246 246 246 246 248 246 248 248 247 245 246 247 246 246 246 246 243 241 238 241 243 245 241 241 242 242 242 241 240 242 244 244 246 249 249 249 251 252 253 253 252 251 252 252 252 252
227 226 231 236 237 237 233 238 237 237 235 237 239 243 244 246 241 239 240 240 240 234 241 242 241 240 238 236 238 241 242 242 241 241 240 237 235 235 235 240 242 245 244 240 241 243 247 248 246 246 245 245 244 243 246 245 248 248 247 247 247 249 249 245 244 241 238 238 237 240 243 239 238 239 240 237 239 242 243 243 245 245 247 250 251 252 252 253 252 252 252 252 252 252
234 224 227 232 236 237 237 236 237 229 237 234 237 241 241 246 243 238 234 232 232 239 240 240 240 239 241 236 239 241 242 242 240 240 238 238 237 239 241 242 243 243 245 246 246 247 247 246 246 246 245 244 242 243 245 246 247 248 248 247 247 246 248 248 246 243 241 238 237 238 233 239 239 237 232 241 242 247 247 247 245 247 249 251 252 252 252 252 252 252 252 252 251 252
238 233 234 229 235 235 236 233 235 236 235 237 240 243 244 244 240 239 236 237 235 238 239 238 237 238 238 236 239 240 240 241 240 240 239 239 239 241 241 240 241 244 245 245 246 244 245 245 245 244 243 243 242 241 243 245 246 247 247 246 246 245 247 247 245 245 243 242 242 243 241 239 240 242 244 245 246 249 249 249 249 249 251 252 252 252 252 252 252 252 252 252 250 248
233 241 236 237 235 235 237 238 232 234 234 236 242 243 244 244 243 237 233 230 230 236 232 231 225 223 228 236 239 240 239 238 239 239 239 238 237 237 238 239 241 244 245 243 245 243 244 246 243 244 243 242 241 240 242 243 246 246 246 244 246 245 245 246 247 246 243 241 242 245 244 244 244 245 246 248 248 249 250 250 251 251 252 252 251 252 252 252 252 250 251 251 250 249
238 242 242 239 237 234 239 238 237 232 237 238 238 242 245 244 243 239 235 238 239 232 229 222 226 211 218 227 239 240 240 240 239 238 237 237 236 238 239 240 242 243 242 242 244 243 244 245 244 244 243 242 240 240 241 243 244 245 245 245 245 244 243 244 246 246 244 243 243 244 246 246 247 247 248 248 249 249 250 250 251 252 251 251 252 252 252 252 252 250 248 249 250 248
241 236 235 240 235 237 240 239 241 236 234 235 242 242 244 244 241 243 241 240 237 231 221 224 218 224 232 237 232 239 237 238 238 238 237 236 236 234 234 236 241 242 241 242 242 242 244 244 243 242 242 240 240 239 239 242 243 243 243 243 243 243 243 243 243 246 246 245 244 244 246 245 245 247 247 249 248 250 250 251 250 250 251 252 252 252 252 251 251 250 248 246 248 248
246 242 237 234 239 240 239 241 241 239 238 232 232 240 242 243 243 243 241 240 238 231 215 211 228 233 233 232 236 231 227 229 231 220 230 234 235 236 240 241 240 240 241 240 241 243 242 240 240 240 241 240 239 238 237 242 243 243 243 243 242 242 242 242 244 243 244 245 244 245 245 247 248 248 248 249 249 250 250 250 250 250 250 251 251 252 252 251 252 251 250 249 245 246
242 241 231 233 238 239 242 243 242 243 240 237 231 230 240 242 241 237 236 238 235 227 220 213 223 233 227 233 234 228 230 230 231 221 229 234 234 232 235 241 240 233 236 240 240 241 240 239 236 236 237 240 238 236 241 241 242 242 242 242 243 241 242 243 243 243 243 244 243 244 245 246 247 247 249 249 249 250 248 249 250 250 250 251 251 252 252 252 252 251 250 248 246 246
236 246 237 237 233 238 241 242 243 244 243 241 236 233 236 243 240 238 237 234 230 221 217 216 229 232 225 228 227 227 228 227 231 224 233 228 217 223 221 239 223 233 235 236 238 238 238 234 230 231 236 237 237 238 240 241 241 242 242 242 242 242 242 242 242 243 243 243 243 245 247 246 247 248 247 247 248 249 250 250 250 250 250 251 251 252 252 252 252 252 251 250 247 245
225 244 243 240 240 237 238 242 242 243 242 241 237 233 238 243 239 238 237 237 233 228 216 209 217 228 230 220 213 222 221 219 219 223 209 228 217 218 226 232 216 217 228 234 236 234 233 228 210 213 235 237 234 237 240 240 240 241 241 241 241 241 241 242 242 243 243 244 244 246 246 246 247 247 247 247 249 249 247 249 250 250 250 251 251 251 251 250 251 251 252 252 249 246
233 244 246 238 237 242 239 237 243 238 238 238 236 232 234 243 241 238 236 234 227 224 226 219 215 229 223 215 215 210 214 218 219 224 213 221 210 209 222 221 208 210 215 223 224 222 226 211 217 230 226 228 234 236 237 235 239 240 240 239 239 241 241 242 242 243 244 245 245 246 244 245 246 246 246 247 247 248 248 247 247 249 250 250 250 250 250 250 250 250 250 250 253 251
237 247 247 239 243 242 245 245 245 245 241 238 238 237 232 242 240 240 239 235 227 217 211 213 210 220 225 213 207 206 216 206 206 210 209 214 208 205 217 219 211 207 213 211 222 221 219 210 227 219 211 215 233 232 233 235 237 238 238 237 238 241 242 243 243 243 243 244 245 245 244 242 245 245 246 247 249 246 247 248 249 248 248 247 248 248 250 250 250 249 249 251 253 252
238 241 248 243 241 244 246 241 242 244 244 244 243 238 236 241 238 239 239 237 233 223 219 211 211 230 211 215 212 210 208 202 216 199 207 213 212 216 227 211 211 206 209 212 224 211 213 218 223 210 212 218 226 218 223 231 233 236 238 239 240 241 241 241 241 242 243 243 244 244 243 242 244 245 247 246 248 243 247 247 248 249 249 247 244 247 249 250 250 249 251 252 252 252
232 238 246 248 244 243 243 241 235 239 244 243 242 240 240 238 238 239 239 238 231 226 212 205 222 223 213 215 215 213 208 203 195 204 208 205 216 216 213 209 205 205 208 216 218 209 210 212 211 213 209 218 230 208 220 229 234 234 237 240 240 240 240 238 240 241 241 242 244 245 244 242 244 245 245 243 246 247 247 248 248 248 250 249 247 246 247 249 250 250 252 252 251 252
231 232 236 241 248 243 238 243 235 234 235 240 240 242 241 236 238 235 239 237 233 225 224 211 224 208 220 212 211 208 211 202 203 213 215 215 220 222 219 213 212 206 209 206 213 205 208 204 204 211 219 224 209 216 211 217 215 228 230 233 239 239 237 232 236 237 240 240 243 244 243 244 246 245 244 243 242 241 247 245 247 246 249 250 249 249 248 248 250 252 252 251 251 252
230 236 248 249 242 248 247 241 233 230 234 230 236 236 239 238 234 237 234 235 233 230 218 217 211 220 224 217 216 211 213 212 212 218 217 215 223 217 222 221 216 203 204 206 209 202 205 205 203 205 210 209 207 208 211 220 225 228 237 232 230 231 240 221 238 230 235 235 234 238 243 243 244 243 245 245 244 246 247 249 248 248 248 247 249 249 250 250 251 251 251 251 251 251
240 243 249 244 240 245 247 247 239 233 234 237 237 236 238 233 230 232 227 238 236 230 227 212 220 223 211 209 211 207 208 208 213 213 217 217 216 221 220 214 209 211 201 204 205 200 201 199 193 199 208 204 199 204 208 224 226 233 232 228 222 219 227 226 222 229 227 227 235 238 239 242 243 245 245 244 243 247 247 247 249 248 248 248 249 248 247 249 251 250 250 250 250 250
242 245 248 245 239 240 246 248 245 243 233 229 235 239 240 236 232 228 238 238 234 230 220 228 211 217 210 211 216 213 211 210 212 213 214 213 217 211 211 210 211 211 198 193 200 195 200 191 176 191 197 201 196 207 210 212 216 217 215 220 220 225 223 225 220 221 223 227 227 238 239 241 242 242 244 245 246 247 248 246 247 245 248 248 246 246 248 249 250 250 250 250 249 249
248 245 241 243 239 239 237 244 247 239 234 234 239 241 241 240 231 228 239 239 230 228 232 228 224 212 216 216 212 212 211 210 208 211 213 216 216 218 211 208 204 202 203 189 190 191 189 183 167 168 187 186 197 201 206 207 211 223 214 215 218 218 219 218 218 220 220 224 233 231 234 239 242 244 245 245 246 247 246 244 244 243 246 247 248 248 248 250 249 251 251 251 250 250
247 245 237 237 242 241 238 240 237 247 245 243 241 244 244 242 239 237 233 240 239 234 230 230 219 217 214 216 208 208 209 207 208 208 212 212 213 213 207 206 195 185 190 191 188 187 183 180 171 166 182 185 202 185 192 205 209 215 214 216 215 214 215 216 218 217 222 226 222 231 229 234 242 243 246 247 247 246 245 246 247 246 247 243 249 249 249 249 248 249 250 250 250 249
248 248 245 237 241 237 237 239 241 246 246 246 245 244 242 244 239 233 234 240 239 236 235 227 216 210 213 212 211 209 211 210 208 206 207 213 212 206 207 193 185 182 191 194 189 186 182 180 175 182 177 187 187 193 188 199 209 216 215 214 214 216 216 218 218 218 218 220 220 226 226 233 236 238 240 247 247 244 246 247 247 247 249 249 249 248 248 249 245 244 248 249 249 249
248 248 247 244 239 241 243 242 245 245 242 244 241 241 244 243 237 237 236 242 240 240 237 231 220 212 210 213 211 213 211 208 214 208 218 213 208 204 192 187 182 185 191 197 191 188 188 187 191 187 198 198 189 198 204 204 213 214 213 213 216 219 219 219 217 216 217 218 219 222 231 231 238 239 239 242 244 244 246 246 246 248 249 249 249 248 248 248 248 249 248 248 248 246
247 248 248 242 243 235 244 243 243 244 242 237 236 235 241 244 238 234 242 243 243 241 235 227 222 216 218 214 212 209 207 209 216 215 217 217 213 192 189 192 193 191 193 196 193 185 189 191 196 201 205 209 203 208 208 211 216 217 216 216 217 217 217 219 218 220 224 218 218 220 226 231 236 239 241 243 243 247 247 247 248 248 249 248 248 247 247 247 248 248 248 248 248 247
246 247 248 248 246 243 245 243 243 240 240 233 232 235 244 241 240 234 243 245 235 241 235 233 228 226 225 219 220 220 215 220 220 225 221 208 200 196 189 205 198 192 191 198 198 188 189 195 188 181 198 203 209 213 214 217 217 216 221 218 217 215 218 220 220 220 222 226 224 223 223 226 235 232 236 238 241 245 243 246 248 248 247 247 248 246 246 247 247 248 248 249 247 247
246 248 249 249 247 244 240 242 242 242 242 236 240 241 243 242 233 232 245 244 238 242 239 237 233 227 229 217 217 222 223 225 226 220 207 210 192 185 196 203 201 194 191 192 204 197 196 197 203 197 198 201 205 215 217 219 220 218 219 221 219 218 222 219 220 217 220 222 232 224 227 225 223 230 232 225 233 232 227 237 241 245 243 245 244 245 245 246 247 247 246 244 245 246
247 248 248 249 249 247 239 242 245 245 245 244 240 242 238 236 236 238 246 244 238 242 241 240 236 232 230 229 231 229 227 229 224 219 201 194 188 197 211 208 210 201 196 185 200 195 198 200 206 206 206 209 211 216 217 216 217 218 218 219 220 221 221 217 219 220 224 226 218 224 234 226 224 225 225 233 241 222 224 227 239 237 237 243 244 243 242 241 243 242 241 244 244 246
