data/lyr.1.asc
NCOLS 654
NROWS 866
XLLCORNER 3280414.711633467
YLLCORNER 5237500.62890625
CELLSIZE 1000
NODATA_VALUE -999
[rows 492 to 532 of 866, columns 94 to 187 of 654]
257 249 247 238 241 235 234 241 242 242 246 246 244 248 250 248 247 244 243 243 244 244 247 248 244 246 242 243 241 239 239 239 236 235 234 237 236 237 237 230 225 226 226 227 225 228 235 238 229 234 229 228 229 229 223 224 226 225 225 225 221 220 221 222 220 222 221 225 227 225 226 226 223 226 234 236 246 250 245 242 241 246 249 247 247 245 243 242 236 238 237 238 239 241
257 247 247 240 243 232 236 238 241 242 239 242 245 246 246 241 243 247 246 245 243 247 248 244 246 246 240 238 237 239 241 237 238 236 235 234 235 232 229 230 227 226 226 226 225 230 234 232 234 230 225 225 225 224 223 223 222 223 225 225 222 218 221 223 223 224 224 223 227 229 229 225 227 228 225 230 238 247 251 248 245 245 249 243 239 237 245 246 242 245 239 243 240 247
253 250 247 245 240 235 241 237 238 237 247 251 248 243 240 237 242 243 240 240 243 241 248 240 244 247 243 240 239 242 239 237 239 238 239 238 236 229 227 234 234 230 229 226 225 232 232 224 229 226 225 226 227 226 226 225 227 224 223 225 222 220 220 221 223 222 224 227 227 228 231 231 233 236 231 233 240 243 249 252 252 247 247 245 247 243 242 250 247 249 243 247 248 247
259 249 255 246 244 240 240 237 233 237 241 249 241 239 239 237 239 241 236 243 237 239 240 247 239 241 242 245 242 244 240 238 240 238 241 240 233 228 229 230 233 230 229 226 227 228 228 230 229 226 226 228 228 227 227 227 228 227 225 229 226 221 219 222 222 221 224 222 224 224 228 233 233 237 235 238 241 245 242 248 251 251 246 249 250 250 252 248 251 245 251 247 249 249
259 256 251 248 243 243 240 237 239 237 239 243 239 245 239 237 238 241 238 242 236 237 242 238 244 239 241 245 242 241 238 239 241 241 240 238 235 234 231 231 230 231 231 230 228 227 229 228 228 225 227 226 229 229 231 229 229 228 227 229 228 227 223 222 227 220 217 222 225 226 228 229 233 240 245 242 238 238 236 245 248 253 253 252 254 252 251 252 246 250 247 249 251 252
259 260 260 256 252 245 241 236 236 234 246 251 245 251 238 235 233 235 235 238 234 239 237 237 237 237 239 240 242 238 238 240 242 241 242 240 240 239 232 229 229 229 230 229 228 228 229 226 227 228 228 228 231 230 231 229 229 230 229 232 230 231 228 229 224 220 227 231 231 233 229 226 230 232 238 245 245 243 236 239 247 244 248 251 250 246 251 255 253 253 251 253 255 255
259 259 260 257 250 246 244 235 234 234 236 245 246 253 245 244 234 239 232 232 233 235 235 234 237 237 242 242 245 239 240 241 242 243 237 241 241 238 237 236 232 230 230 231 230 230 227 226 230 230 229 231 230 230 228 229 229 232 233 229 230 233 235 234 230 227 228 234 241 241 241 235 231 232 240 248 246 241 239 241 244 244 246 247 251 247 246 250 256 255 253 257 257 257
260 260 260 259 249 246 240 241 235 244 243 251 250 253 247 237 239 238 233 240 235 232 231 233 238 241 242 240 245 241 241 241 243 241 241 242 240 241 238 238 235 233 231 233 231 229 230 231 232 225 229 232 234 231 229 233 233 234 233 231 233 235 235 233 227 231 230 233 234 238 243 245 238 234 243 249 242 241 243 247 249 244 248 248 253 249 248 250 254 257 257 257 257 256
259 260 260 260 255 248 243 241 238 238 246 244 243 246 245 239 243 234 238 237 234 234 232 234 236 238 236 240 242 245 244 242 242 241 242 241 242 240 240 238 234 233 233 231 228 230 229 231 234 230 229 230 237 240 240 234 239 231 232 233 232 237 235 231 233 232 234 236 238 239 237 245 243 237 246 249 244 245 250 247 251 246 251 251 251 254 252 254 255 257 257 251 254 252
255 260 260 260 252 247 245 238 246 237 238 247 252 247 238 251 233 238 235 238 234 235 237 237 236 235 240 239 241 243 244 242 245 243 243 243 244 242 241 240 241 237 233 232 228 230 230 231 235 235 233 234 236 235 242 242 241 239 239 232 233 239 237 234 233 234 236 241 242 242 239 243 249 240 247 252 248 249 255 255 251 249 255 256 256 256 256 256 257 257 255 250 247 248
252 256 251 260 257 249 247 253 247 245 241 240 255 252 251 235 231 231 233 232 238 239 239 240 230 234 236 240 241 242 245 245 244 242 243 244 245 243 242 237 239 235 235 233 231 232 230 232 235 235 235 234 238 241 241 242 246 243 241 236 236 239 237 232 234 236 235 237 243 247 248 246 248 245 248 250 252 254 253 252 256 256 255 256 256 256 254 251 252 251 255 250 248 249
255 252 251 253 260 259 252 252 243 241 242 242 239 255 247 239 238 237 234 236 235 241 239 235 236 239 238 240 241 244 243 242 244 244 243 246 244 244 239 237 236 233 236 236 234 231 231 233 235 239 238 240 237 230 230 238 242 248 245 237 235 241 239 235 235 240 239 237 235 243 241 251 248 248 252 253 255 255 253 246 255 247 250 256 251 251 250 249 249 254 252 248 246 248
251 249 249 250 260 259 259 254 249 248 242 240 240 256 244 238 235 239 237 238 238 241 237 234 239 239 243 238 240 242 243 242 245 243 245 246 245 243 241 240 240 240 235 230 230 230 232 234 236 237 239 233 235 229 233 236 235 247 248 243 241 243 238 238 238 239 243 241 243 249 250 252 252 249 255 255 252 250 253 245 246 253 248 255 254 250 245 247 251 251 250 245 245 251
250 251 254 257 254 260 259 251 251 244 239 245 247 244 255 240 241 244 239 241 239 242 239 238 238 243 244 243 240 241 245 234 247 248 246 242 241 243 242 239 238 239 237 237 231 234 234 236 235 238 236 238 239 235 238 242 246 248 250 247 243 243 242 244 242 241 244 245 246 241 238 244 253 254 255 248 244 245 248 252 246 253 253 255 249 248 248 250 250 251 252 248 247 248
248 248 251 250 248 259 261 257 253 245 242 237 239 248 253 253 253 248 243 245 239 252 241 237 244 247 245 243 240 241 243 246 248 245 242 239 243 241 242 240 238 240 240 237 239 239 238 239 241 241 237 243 246 239 244 247 251 251 251 249 245 244 243 243 246 244 245 244 242 239 240 244 251 253 251 250 250 244 243 249 248 248 249 251 252 251 251 251 248 251 248 247 246 249
253 253 255 249 258 249 253 259 243 250 238 240 244 244 242 241 253 253 254 246 245 242 238 241 243 244 242 242 242 244 247 249 246 244 239 238 242 243 241 240 240 241 241 241 241 240 239 241 242 243 239 245 248 250 252 253 252 251 252 249 241 246 247 247 248 246 245 246 245 243 243 249 251 252 256 253 248 244 244 246 247 252 244 248 254 252 249 249 248 252 248 246 248 251
248 248 247 250 247 251 256 259 257 245 250 247 237 242 244 244 248 253 253 252 241 237 241 242 246 244 255 244 246 245 241 241 241 237 237 236 240 241 243 242 242 243 243 243 243 243 241 239 242 243 242 241 244 246 251 254 251 252 253 244 239 244 245 246 243 248 248 247 247 243 243 247 251 255 252 251 246 248 245 245 247 251 244 250 249 255 248 247 247 249 248 246 247 249
246 245 245 245 245 257 245 247 261 249 257 244 240 241 245 253 253 256 257 256 248 242 238 239 244 247 242 239 242 241 239 239 241 240 238 239 239 240 243 244 246 245 245 245 245 243 240 241 241 243 241 240 237 244 249 250 255 255 252 247 242 244 244 245 247 249 251 247 248 246 246 254 253 257 250 249 248 245 243 243 246 244 245 247 254 255 249 251 249 246 246 246 245 245
248 249 250 255 256 245 247 242 261 262 249 243 245 250 250 256 260 260 255 254 254 252 250 242 250 241 241 242 240 241 242 246 243 240 241 242 243 241 242 243 245 245 246 245 246 243 241 241 243 243 245 242 244 245 248 251 253 256 253 251 249 247 248 247 248 246 247 251 250 247 242 254 251 251 253 252 249 247 250 243 244 248 244 249 248 252 250 250 248 250 247 243 241 243
246 246 251 247 248 245 249 243 257 261 262 250 250 258 257 258 261 259 259 258 257 257 255 250 257 246 242 244 240 243 247 239 240 237 239 237 240 241 240 245 247 247 244 246 247 248 246 244 244 245 244 246 246 247 248 253 253 255 253 251 250 249 249 250 249 251 251 253 251 246 248 253 253 247 252 254 251 251 251 250 250 246 248 248 247 247 254 249 249 249 243 241 244 246
245 247 244 247 241 244 248 242 242 247 249 262 262 262 262 258 260 259 259 260 260 258 258 254 259 249 250 247 252 245 240 245 240 240 236 234 234 239 238 243 245 245 247 246 247 245 244 245 247 248 245 247 245 247 248 251 252 253 253 250 250 249 249 251 244 249 252 253 252 250 251 252 255 251 249 251 248 249 251 255 250 251 249 245 243 248 252 251 248 249 248 243 247 248
241 241 234 242 239 244 242 241 247 250 253 259 261 261 261 261 260 259 261 260 260 259 259 259 257 250 244 243 243 242 248 243 240 241 235 233 230 235 236 243 245 246 249 244 248 249 248 246 248 246 244 247 250 247 247 251 253 256 253 251 249 251 251 251 250 248 252 253 248 246 251 251 255 250 250 250 248 246 249 249 254 249 248 248 241 241 249 252 249 247 244 242 242 242
242 237 244 244 240 242 240 243 251 252 255 258 259 262 261 262 261 262 261 261 261 260 260 259 257 250 251 248 247 248 245 245 246 237 233 228 225 230 233 242 246 247 248 251 247 251 249 246 245 245 250 250 251 248 246 250 255 258 253 253 253 253 255 253 253 251 256 252 248 247 249 250 255 254 252 251 249 246 244 245 250 253 248 245 240 240 246 248 249 250 249 246 246 239
237 239 244 244 234 244 247 249 251 251 252 255 259 262 260 261 262 262 262 262 262 261 262 261 260 252 250 251 252 245 247 249 246 238 229 225 226 234 237 241 244 245 247 250 249 250 243 241 242 244 246 250 252 254 255 253 254 259 253 252 251 256 254 254 252 253 252 253 249 248 250 250 256 250 253 248 249 247 244 247 252 254 250 245 244 243 241 242 243 248 248 249 246 242
236 242 244 241 230 238 245 252 254 255 253 255 259 261 259 259 262 261 261 262 260 261 261 260 262 258 252 251 253 251 249 246 242 236 236 234 235 232 234 240 245 247 247 244 244 248 244 244 244 244 245 245 246 247 252 256 257 259 256 253 252 259 259 259 253 256 253 255 253 254 252 250 257 247 251 246 244 242 246 247 253 248 254 245 244 243 240 239 242 243 241 243 243 247
237 239 242 241 245 249 251 254 256 257 257 257 260 259 256 256 260 261 261 261 261 260 261 261 261 261 260 257 256 251 249 254 248 239 245 234 237 234 238 243 244 247 240 242 244 246 246 247 244 245 246 249 249 251 250 253 257 259 256 254 255 259 257 259 254 259 254 256 259 259 254 255 258 250 246 246 245 244 248 244 246 246 252 249 242 240 238 237 240 246 246 244 239 239
238 241 244 246 247 251 252 255 255 255 258 259 260 257 252 256 255 260 261 261 261 261 261 261 261 261 261 256 254 249 250 243 242 249 241 238 238 241 244 238 241 243 242 241 243 247 251 245 244 240 243 246 251 252 251 253 256 259 259 258 256 260 259 256 255 255 259 255 255 255 256 259 255 256 247 247 245 245 250 243 248 252 248 243 245 242 238 241 238 242 240 240 242 238
239 243 245 247 250 251 253 255 247 251 258 256 257 256 250 256 251 253 260 253 254 256 260 261 261 261 262 261 254 252 249 245 243 242 245 248 248 245 237 232 237 242 239 245 245 250 255 247 246 241 241 249 249 252 260 256 259 259 259 260 257 257 258 259 254 254 255 255 256 253 251 251 251 249 248 247 244 243 242 244 246 247 250 248 243 250 246 245 244 242 236 233 235 240
240 246 248 249 252 252 253 254 252 251 257 250 252 255 250 251 251 256 254 251 254 258 260 260 261 261 262 257 253 256 248 246 241 241 240 245 248 248 233 231 237 240 242 243 247 254 248 238 240 246 246 247 252 256 260 255 259 258 258 256 256 254 254 256 255 253 254 254 254 248 248 250 248 247 245 246 243 245 244 243 249 249 253 248 247 249 244 246 246 240 235 234 240 246
245 244 251 253 253 254 254 254 249 254 252 248 248 251 249 249 253 250 251 253 255 254 259 262 262 261 262 255 252 251 243 242 243 239 243 253 242 236 232 233 238 236 238 242 244 254 243 239 243 246 249 248 253 256 259 259 259 257 255 255 255 254 255 257 256 252 251 251 252 251 253 248 252 250 247 248 247 243 243 242 242 247 249 247 244 243 246 243 238 241 240 238 243 239
248 251 252 251 250 252 253 253 249 255 254 251 250 250 248 251 250 251 250 252 252 252 255 261 261 261 262 257 253 250 244 242 247 242 248 246 238 239 242 235 232 236 235 243 247 256 242 243 245 250 249 252 252 256 255 254 256 257 253 254 254 254 254 254 254 257 257 255 253 253 253 251 246 248 245 242 243 239 238 241 248 248 248 245 248 244 242 241 241 237 236 242 243 244
247 249 248 247 248 250 251 251 251 251 250 248 245 240 244 247 245 248 249 250 252 255 262 257 255 262 259 252 251 245 242 241 247 246 253 247 235 254 239 236 238 235 243 247 250 245 246 244 250 259 259 250 252 251 252 252 254 259 254 254 252 251 251 248 253 258 253 256 256 253 251 251 247 246 249 242 237 237 238 237 242 249 244 248 246 243 244 243 239 239 239 241 247 247
244 246 249 247 246 250 251 249 253 246 245 246 240 241 243 241 247 246 248 247 253 256 262 256 259 262 259 251 244 244 246 261 256 255 249 237 239 256 243 241 242 236 236 240 257 241 246 249 256 252 252 259 256 247 246 254 254 257 259 254 247 249 251 252 255 255 256 251 253 256 252 252 252 250 247 240 239 236 235 237 239 250 242 243 246 246 241 240 241 241 244 243 248 251
244 244 250 247 249 250 250 250 248 246 243 243 242 242 246 244 248 256 242 248 252 257 261 258 256 262 257 246 243 242 259 250 252 260 261 260 254 252 238 241 246 239 238 251 247 243 250 257 252 252 254 249 249 246 246 247 253 252 258 251 253 252 253 251 251 253 257 255 251 252 256 252 255 250 251 248 241 233 237 239 244 249 249 241 244 246 244 242 241 244 246 247 249 249
247 245 240 243 247 249 250 249 251 244 243 245 245 247 249 247 259 261 249 251 258 259 250 250 254 262 258 246 246 245 256 254 245 243 255 257 261 258 241 249 249 246 246 256 247 254 245 254 250 259 250 249 246 245 241 246 251 251 255 258 253 251 252 250 254 253 256 257 254 250 252 256 251 247 244 247 238 232 236 239 241 237 236 239 238 244 241 241 240 242 243 246 249 251
240 243 241 241 247 250 249 249 249 246 246 245 247 246 249 260 255 251 261 262 253 243 243 238 255 262 258 258 261 259 252 247 243 246 251 251 244 241 257 259 256 251 255 256 253 247 250 257 249 254 252 255 248 248 243 241 249 253 254 257 254 253 252 248 251 253 255 253 256 252 249 252 253 250 251 247 245 239 232 237 234 237 237 243 240 234 239 237 241 244 245 248 249 247
238 240 244 246 250 250 250 249 247 247 251 246 250 252 258 254 251 250 251 251 248 246 242 240 241 262 261 254 248 257 256 252 243 240 246 240 244 248 252 257 246 253 260 251 256 245 243 247 245 250 254 246 247 246 241 241 248 253 252 256 251 251 248 247 251 253 252 248 248 256 250 248 255 253 247 252 249 245 240 234 233 237 239 235 238 243 239 236 241 245 247 247 246 245
239 239 241 246 250 251 250 249 253 254 252 251 254 254 254 254 258 257 249 245 252 246 245 241 246 253 262 259 252 254 245 242 247 246 236 242 240 244 248 249 254 245 251 247 249 245 242 240 243 244 249 246 247 242 240 237 246 250 255 253 249 250 248 246 248 250 247 248 246 250 252 248 254 254 251 245 245 249 242 236 237 231 234 232 240 238 241 239 237 241 244 244 245 245
241 240 241 247 251 253 252 254 256 256 256 255 255 255 255 262 249 245 245 243 250 248 242 238 245 251 258 263 256 249 246 249 248 241 241 237 239 240 243 246 255 244 246 248 250 245 255 245 244 242 246 247 244 241 239 244 248 251 253 254 249 246 246 243 244 245 244 245 246 253 251 247 253 254 251 249 246 242 242 242 240 230 233 234 230 223 227 239 234 238 244 242 246 247
243 241 243 246 251 252 254 254 256 256 253 248 248 249 249 262 244 240 242 239 241 240 242 251 252 252 256 262 263 258 251 245 251 247 245 236 241 241 241 250 252 245 244 248 250 251 242 251 243 242 244 244 245 246 242 243 248 251 258 251 256 245 243 242 240 243 242 245 249 253 255 247 252 253 253 248 243 240 238 234 235 227 228 226 230 227 234 238 233 237 240 244 244 247
246 250 241 243 249 250 252 254 254 250 247 247 248 249 251 255 244 247 240 239 236 235 240 246 250 256 257 256 261 261 246 240 243 240 237 239 243 244 244 245 247 249 245 247 252 252 246 243 247 244 248 245 247 244 242 244 244 249 257 246 249 254 250 246 241 243 243 248 251 249 250 251 251 252 254 251 244 245 244 237 235 236 226 230 234 233 230 227 234 231 241 241 241 241
