data/lyr.1.asc
NCOLS 654
NROWS 866
XLLCORNER 3280414.711633467
YLLCORNER 5237500.62890625
CELLSIZE 1000
NODATA_VALUE -999
[rows 574 to 614 of 866, columns 0 to 93 of 654]
-999 -999 -999 -999 -999 -999 -999 -999 -999 -999 -999 -999 -999 -999 -999 -999 -999 -999 -999 -999 -999 -999 252 256 254 254 244 241 250 244 239 240 242 242 249 246 252 252 247 243 243 241 241 241 248 243 247 248 245 256 247 244 241 240 245 243 245 243 244 254 255 257 257 256 261 245 241 250 261 259 263 263 246 250 254 258 256 246 251 248 243 238 236 236 235 233 232 229 230 230 231 231 235 234
-999 -999 -999 -999 -999 -999 -999 -999 -999 -999 -999 -999 -999 -999 -999 -999 -999 -999 -999 -999 -999 -999 -999 244 240 245 255 241 244 249 241 242 243 243 245 254 248 249 246 246 245 242 242 248 250 244 248 248 245 256 253 243 242 247 248 244 248 246 251 256 256 257 256 251 261 246 250 248 261 253 263 263 248 248 250 255 240 237 238 237 237 241 236 233 231 232 236 230 228 225 229 235 234 231
-999 -999 -999 -999 -999 -999 -999 -999 -999 -999 -999 -999 -999 -999 -999 -999 -999 -999 -999 -999 -999 -999 -999 -999 240 241 257 243 254 257 251 244 244 244 244 256 256 258 248 248 244 242 242 245 248 251 253 253 253 253 255 252 249 252 248 248 248 248 256 256 256 256 255 258 256 253 250 261 258 261 250 250 244 240 255 241 240 237 234 232 235 234 235 233 231 228 231 228 230 228 232 231 229 226
-999 -999 -999 -999 -999 -999 -999 -999 -999 -999 -999 -999 -999 -999 -999 -999 -999 -999 -999 -999 -999 -999 -999 -999 -999 244 257 254 249 248 256 245 245 247 246 246 257 256 250 245 243 241 240 242 246 243 250 247 253 260 256 242 249 253 253 248 245 257 259 257 256 255 253 251 256 250 248 263 253 251 255 253 247 238 245 241 248 241 233 226 227 226 230 235 231 228 228 227 229 228 228 226 224 219
-999 -999 -999 -999 -999 -999 -999 -999 -999 -999 -999 -999 -999 -999 -999 -999 -999 -999 -999 -999 -999 -999 -999 -999 -999 -999 247 255 243 241 248 255 246 246 246 251 251 258 246 245 244 242 247 242 241 246 249 251 258 262 254 249 241 252 252 252 259 259 260 257 249 250 258 251 263 262 263 255 255 251 262 249 243 239 237 241 234 235 228 220 224 229 230 231 229 230 228 230 231 228 224 217 218 216
-999 -999 -999 -999 -999 -999 -999 -999 -999 -999 -999 -999 -999 -999 -999 -999 -999 -999 -999 -999 -999 -999 -999 -999 -999 -999 -999 254 243 244 246 249 256 251 246 253 254 260 249 246 243 250 246 242 242 245 249 246 246 256 257 257 248 254 261 252 261 261 259 254 246 248 252 263 262 261 261 253 263 249 256 252 247 241 236 233 227 223 223 226 232 234 236 233 232 232 232 234 231 226 219 214 215 221
-999 -999 -999 -999 -999 -999 -999 -999 -999 -999 -999 -999 -999 -999 -999 -999 -999 -999 -999 -999 -999 -999 -999 -999 -999 -999 -999 -999 -999 246 247 246 248 259 255 256 259 -999 258 259 246 256 246 248 243 243 245 244 247 257 259 257 256 253 261 261 263 263 257 254 241 251 255 255 263 255 261 261 263 243 252 245 242 237 231 230 227 228 232 233 233 237 239 233 232 236 234 233 228 222 216 216 220 221
-999 -999 -999 -999 -999 -999 -999 -999 -999 -999 -999 -999 -999 -999 -999 -999 -999 -999 -999 -999 -999 -999 -999 -999 -999 -999 -999 -999 -999 -999 -999 246 254 257 259 -999 -999 -999 -999 258 260 260 245 241 245 246 246 246 243 243 257 256 259 262 263 263 263 263 263 251 245 249 249 255 263 249 252 258 256 256 245 247 258 237 230 233 237 237 233 236 237 237 236 235 234 236 234 230 223 216 219 224 224 229
-999 -999 -999 -999 -999 -999 -999 -999 -999 -999 -999 -999 -999 -999 -999 -999 -999 -999 -999 -999 -999 -999 -999 -999 -999 -999 -999 -999 -999 -999 -999 -999 -999 259 -999 -999 -999 -999 -999 -999 260 257 246 245 243 248 243 247 250 249 255 252 254 263 263 263 263 256 262 263 261 256 251 252 262 251 245 245 252 240 242 239 242 249 241 237 242 236 238 237 239 237 236 239 237 236 229 225 215 217 224 224 232 231
-999 -999 -999 -999 -999 -999 -999 -999 -999 -999 -999 -999 -999 -999 -999 -999 -999 -999 -999 -999 -999 -999 -999 -999 -999 -999 -999 -999 -999 -999 -999 -999 -999 -999 -999 -999 -999 -999 -999 -999 259 248 247 246 244 249 252 251 256 250 257 254 262 264 260 256 256 254 257 262 262 263 262 262 261 246 243 242 246 241 238 241 247 248 249 248 246 241 246 246 240 235 233 227 235 229 225 214 222 221 222 229 232 235
-999 -999 -999 -999 -999 -999 -999 -999 -999 -999 -999 -999 -999 -999 -999 -999 -999 -999 -999 -999 -999 -999 -999 -999 -999 -999 -999 -999 -999 -999 -999 -999 -999 -999 -999 -999 -999 -999 -999 -999 261 256 249 249 242 244 249 253 253 258 250 256 264 264 262 256 251 252 257 257 258 259 246 253 259 240 241 246 242 241 244 239 239 242 256 248 252 250 243 243 237 237 239 230 230 226 215 219 225 221 228 232 232 233
-999 -999 -999 -999 -999 -999 -999 -999 -999 -999 -999 -999 -999 -999 -999 -999 -999 -999 -999 -999 -999 -999 -999 -999 -999 -999 -999 -999 -999 -999 -999 -999 -999 -999 -999 -999 -999 -999 -999 -999 261 253 251 242 245 247 245 251 257 253 256 263 264 264 253 259 254 249 247 260 243 239 237 239 237 242 245 242 243 245 242 236 238 238 242 241 237 245 241 237 236 240 236 231 225 215 218 224 228 231 231 232 233 228
-999 -999 -999 -999 -999 -999 -999 -999 -999 -999 -999 -999 -999 -999 -999 -999 -999 -999 -999 -999 -999 -999 -999 -999 -999 -999 -999 -999 -999 -999 -999 -999 -999 -999 -999 -999 -999 -999 -999 -999 261 250 252 250 251 246 247 258 263 263 264 264 263 254 252 262 253 250 241 252 257 254 254 245 237 238 240 250 246 238 238 237 234 232 234 240 241 241 240 238 236 234 234 226 219 219 221 221 227 232 233 235 229 222
-999 -999 -999 -999 -999 -999 -999 -999 -999 -999 -999 -999 -999 -999 -999 -999 -999 -999 -999 -999 -999 -999 -999 -999 -999 -999 -999 -999 -999 -999 -999 -999 -999 -999 -999 -999 -999 -999 -999 258 255 254 254 253 246 248 245 257 264 264 264 261 259 250 254 254 259 249 241 252 252 240 243 245 239 236 240 246 252 243 237 236 236 233 230 231 237 237 237 235 238 240 235 230 221 221 221 225 230 235 234 237 241 231
-999 -999 -999 -999 -999 -999 -999 -999 -999 -999 -999 -999 -999 -999 -999 -999 -999 -999 -999 -999 -999 -999 -999 -999 -999 -999 -999 -999 -999 -999 -999 -999 -999 -999 -999 -999 -999 -999 -999 258 254 258 249 245 244 253 256 263 264 264 262 254 254 256 249 253 258 253 243 242 241 246 241 241 245 242 235 239 242 245 246 242 238 238 234 237 236 233 235 240 241 233 225 223 220 219 226 233 235 232 229 225 233 238
-999 -999 -999 -999 -999 -999 -999 -999 -999 -999 -999 -999 -999 -999 -999 -999 -999 -999 -999 -999 -999 -999 -999 -999 -999 -999 -999 -999 -999 -999 -999 -999 -999 -999 -999 -999 -999 -999 -999 259 256 251 252 249 253 246 258 264 264 262 261 260 258 252 247 243 250 258 250 241 238 240 246 248 241 239 237 231 240 234 237 240 237 239 234 239 237 235 233 233 234 231 221 214 215 223 232 231 228 223 225 230 232 240
-999 -999 -999 -999 -999 -999 -999 -999 -999 -999 -999 -999 -999 -999 -999 -999 -999 -999 -999 -999 -999 -999 -999 -999 -999 -999 -999 -999 -999 -999 -999 -999 -999 -999 -999 -999 -999 -999 -999 262 263 254 253 249 258 259 264 264 262 261 258 258 260 254 254 241 249 254 258 250 242 239 238 248 242 239 237 232 240 234 237 240 237 239 237 238 234 232 230 225 225 221 219 214 217 223 228 229 224 223 231 236 241 236
-999 -999 -999 -999 -999 -999 -999 -999 -999 -999 -999 -999 -999 -999 -999 -999 -999 -999 -999 -999 -999 -999 -999 -999 -999 -999 -999 -999 -999 -999 -999 -999 -999 -999 -999 -999 -999 -999 -999 262 258 262 253 255 259 264 264 261 258 258 253 253 253 255 249 250 258 255 255 247 244 237 236 241 238 235 233 231 237 233 240 238 245 242 237 238 234 230 227 230 223 216 210 215 220 222 218 218 222 231 234 238 242 237
-999 -999 -999 -999 -999 -999 -999 -999 -999 -999 -999 -999 -999 -999 -999 -999 -999 -999 -999 -999 -999 -999 -999 -999 -999 -999 -999 -999 -999 -999 -999 -999 -999 -999 -999 -999 262 259 262 260 257 261 262 263 262 264 258 251 250 256 249 252 251 251 242 244 256 247 246 241 237 234 233 237 229 229 225 225 232 242 238 237 239 238 241 237 239 229 230 223 213 213 218 221 221 220 224 221 230 238 238 235 238 245
-999 -999 -999 -999 -999 -999 -999 -999 -999 -999 -999 -999 -999 -999 -999 -999 -999 -999 -999 -999 -999 -999 -999 -999 -999 -999 -999 -999 -999 -999 -999 -999 -999 -999 -999 256 255 262 263 252 255 251 250 263 264 261 256 256 253 247 246 243 256 242 244 250 254 242 247 247 239 237 238 232 227 222 224 229 235 236 236 242 234 237 234 230 222 231 225 219 218 218 225 226 219 220 230 231 232 235 237 235 237 246
-999 -999 -999 -999 -999 -999 -999 -999 -999 -999 -999 -999 -999 -999 -999 -999 -999 -999 -999 -999 -999 -999 -999 -999 -999 -999 -999 -999 -999 -999 -999 -999 -999 -999 -999 258 262 259 250 249 253 252 260 263 263 256 258 259 258 252 247 244 254 243 250 254 253 242 242 247 240 243 234 231 228 225 228 231 233 233 236 232 237 235 233 223 223 225 225 218 219 228 229 224 226 230 229 234 238 238 238 243 243 238
-999 -999 -999 -999 -999 -999 -999 -999 -999 -999 -999 -999 -999 -999 -999 -999 -999 -999 -999 -999 -999 -999 -999 -999 -999 -999 -999 -999 -999 -999 -999 -999 -999 -999 262 258 253 248 250 252 251 260 262 258 258 252 251 254 256 257 246 243 248 245 248 252 248 244 241 237 233 231 238 234 231 232 234 232 234 233 233 233 230 230 227 228 227 223 218 217 225 231 226 223 223 230 228 235 235 236 237 243 246 241
-999 -999 -999 -999 -999 -999 -999 -999 -999 -999 -999 -999 -999 -999 -999 -999 -999 -999 -999 -999 -999 -999 -999 -999 -999 -999 -999 -999 -999 -999 -999 -999 -999 -999 259 249 249 249 246 255 257 259 255 261 263 255 251 254 256 251 239 243 245 243 250 254 247 241 242 238 230 225 224 225 233 235 235 233 236 234 231 230 231 230 228 225 224 216 220 227 233 228 221 225 228 236 240 238 246 246 240 244 247 239
-999 -999 -999 -999 -999 -999 -999 -999 -999 -999 -999 -999 -999 -999 -999 -999 -999 -999 -999 -999 -999 -999 -999 -999 -999 -999 -999 -999 -999 -999 -999 -999 -999 260 251 248 248 244 254 256 256 255 260 263 261 262 256 259 257 246 240 242 242 240 252 249 250 241 233 227 225 223 224 228 234 236 237 232 234 236 232 233 231 230 225 216 215 220 227 232 234 226 228 225 232 234 233 236 241 245 246 239 248 241
-999 -999 -999 -999 -999 -999 -999 -999 -999 -999 -999 -999 -999 -999 -999 -999 -999 -999 -999 -999 -999 -999 -999 -999 -999 -999 -999 -999 -999 -999 -999 -999 -999 256 262 252 244 245 248 251 252 262 262 261 256 262 252 255 257 249 247 239 240 244 252 247 240 237 233 229 230 230 233 233 236 238 231 233 232 237 236 231 227 230 221 223 222 227 226 220 230 232 226 233 236 235 236 240 242 242 239 244 249 246
-999 -999 -999 -999 -999 -999 -999 -999 -999 -999 -999 -999 -999 -999 -999 -999 -999 -999 -999 -999 -999 -999 -999 -999 -999 -999 -999 -999 -999 -999 -999 -999 -999 258 256 251 243 250 249 256 255 261 257 262 261 252 247 244 250 243 243 238 237 241 248 247 245 238 235 235 235 237 237 237 237 238 237 231 231 236 232 229 227 230 226 226 229 230 223 226 233 234 235 235 240 240 242 242 239 238 239 239 241 251
-999 -999 -999 -999 -999 -999 -999 -999 -999 -999 -999 -999 -999 -999 -999 -999 -999 -999 -999 -999 -999 -999 -999 -999 -999 -999 -999 -999 -999 -999 -999 -999 -999 262 249 244 245 247 247 255 251 252 262 258 263 248 246 238 244 243 236 237 238 249 245 248 241 237 236 238 237 237 238 234 236 240 235 231 235 238 232 228 228 232 230 233 233 226 224 224 231 236 239 238 239 242 244 243 240 238 239 240 250 251
-999 -999 -999 -999 -999 -999 -999 -999 -999 -999 -999 -999 -999 -999 -999 -999 -999 -999 -999 -999 -999 -999 -999 -999 -999 -999 -999 -999 -999 -999 -999 -999 -999 259 247 243 243 243 248 253 251 250 257 261 260 246 239 248 237 236 238 241 244 240 249 242 239 235 236 239 241 239 238 237 239 235 235 238 234 241 236 229 233 232 233 234 225 226 228 227 233 238 242 240 242 243 245 241 241 236 238 243 251 239
-999 -999 -999 -999 -999 -999 -999 -999 -999 -999 -999 -999 -999 -999 -999 -999 -999 -999 -999 -999 -999 -999 -999 -999 -999 -999 -999 -999 -999 -999 -999 -999 260 252 249 246 244 242 250 250 256 252 253 261 255 259 253 248 237 236 236 240 244 245 243 238 238 241 238 242 242 240 237 234 233 244 239 238 230 238 239 234 236 232 234 227 226 226 233 233 235 240 242 242 240 243 246 239 241 241 241 247 239 237
-999 -999 -999 -999 -999 -999 -999 -999 -999 -999 -999 -999 -999 -999 -999 -999 -999 -999 -999 -999 -999 -999 -999 -999 -999 -999 -999 -999 -999 -999 259 258 259 253 247 243 240 249 248 253 251 253 260 260 260 258 248 241 238 245 238 239 248 248 244 240 238 241 242 241 238 238 234 230 231 244 244 236 233 238 244 241 239 233 237 229 231 235 236 237 240 241 243 245 243 244 246 237 245 240 244 248 238 241
-999 -999 -999 -999 -999 -999 -999 -999 -999 -999 -999 -999 -999 -999 -999 -999 -999 -999 -999 -999 -999 -999 -999 -999 -999 -999 -999 -999 -999 256 262 257 251 249 247 243 242 248 241 246 258 261 261 260 253 253 246 243 248 238 240 240 248 246 245 240 241 244 241 239 238 234 229 223 237 245 239 233 240 242 248 244 244 239 236 235 236 238 239 238 237 240 236 241 244 246 247 247 249 246 246 248 248 240
-999 -999 -999 -999 -999 -999 -999 -999 -999 -999 -999 -999 -999 -999 -999 -999 -999 -999 -999 -999 -999 -999 -999 -999 -999 -999 -999 -999 -999 256 256 254 254 249 247 243 242 242 246 248 252 257 250 262 253 249 248 245 240 237 239 246 245 242 241 237 238 242 239 233 233 226 225 233 238 242 239 238 243 244 247 238 244 241 240 243 243 240 241 236 237 237 237 239 244 246 246 248 244 237 237 240 240 239
-999 -999 -999 -999 -999 -999 -999 -999 -999 -999 -999 -999 -999 -999 -999 -999 -999 -999 -999 -999 -999 -999 -999 -999 -999 -999 -999 -999 257 259 257 256 252 249 247 246 243 243 249 256 257 257 252 262 254 258 250 244 242 239 241 248 242 244 238 235 236 236 238 232 225 228 236 238 241 246 250 248 246 247 250 238 243 244 243 241 239 236 240 241 240 240 241 244 241 243 237 247 241 236 235 239 238 236
-999 -999 -999 -999 -999 -999 -999 -999 -999 -999 -999 -999 -999 -999 -999 -999 -999 -999 -999 -999 -999 -999 -999 -999 -999 -999 -999 -999 261 260 257 253 251 248 247 246 245 243 253 254 259 249 249 258 260 252 247 245 242 238 245 246 241 238 236 235 229 229 234 229 233 239 243 239 245 251 250 250 247 249 246 241 244 245 244 241 233 233 239 242 244 242 244 245 242 247 236 241 243 238 234 237 232 239
-999 -999 -999 -999 -999 -999 -999 -999 -999 -999 -999 -999 -999 -999 -999 -999 -999 -999 -999 -999 -999 -999 -999 -999 -999 -999 -999 -999 262 259 256 254 252 251 249 247 245 242 249 252 253 248 245 258 254 257 261 241 238 238 245 238 237 240 237 230 230 229 233 238 240 245 248 248 248 250 251 253 247 253 244 242 248 248 242 237 232 238 240 242 237 245 245 237 246 244 247 243 243 235 233 232 233 234
-999 -999 -999 -999 -999 -999 -999 -999 -999 -999 -999 -999 -999 -999 -999 -999 -999 -999 -999 -999 -999 -999 -999 -999 -999 -999 -999 -999 258 258 259 255 252 252 248 247 243 246 249 254 249 244 251 244 251 256 254 240 240 237 244 242 242 237 231 233 232 234 237 241 248 249 249 250 254 253 254 254 250 252 247 238 247 236 232 234 232 234 240 242 244 242 238 244 238 237 245 245 244 237 235 239 235 232
-999 -999 -999 -999 -999 -999 -999 -999 -999 -999 -999 -999 -999 -999 -999 -999 -999 -999 -999 -999 -999 -999 -999 -999 -999 -999 -999 -999 256 259 259 255 252 249 248 245 243 249 254 256 250 240 241 243 251 250 262 239 238 236 244 240 236 235 233 237 237 244 245 251 251 252 254 251 254 255 254 255 253 249 238 244 247 245 235 241 239 234 240 243 241 243 241 244 242 242 243 245 242 241 241 241 237 238
-999 -999 -999 -999 -999 -999 -999 -999 -999 -999 -999 -999 -999 -999 -999 -999 -999 -999 -999 -999 -999 -999 -999 -999 -999 -999 -999 -999 257 259 258 256 253 251 247 245 244 247 249 252 250 242 242 242 242 256 250 244 236 237 239 242 238 239 240 233 246 248 250 252 252 255 253 253 256 255 256 255 254 245 247 249 245 244 245 243 241 237 240 241 244 242 242 244 243 240 240 243 244 241 236 238 239 238
-999 -999 -999 -999 -999 -999 -999 -999 -999 -999 -999 -999 -999 -999 -999 -999 -999 -999 -999 -999 -999 -999 -999 -999 -999 -999 -999 -999 260 260 258 255 251 250 242 242 245 246 246 250 246 243 242 241 242 242 263 254 240 243 241 245 246 246 248 249 249 250 254 253 255 255 253 252 256 257 255 255 251 250 251 247 251 248 248 239 239 237 240 241 244 242 239 239 244 245 237 245 241 240 236 235 235 238
-999 -999 -999 -999 -999 -999 -999 -999 -999 -999 -999 -999 -999 -999 -999 -999 -999 -999 -999 -999 -999 -999 -999 -999 -999 -999 -999 -999 260 260 257 253 252 248 241 242 245 246 247 246 246 244 244 245 245 255 263 244 242 248 243 244 248 253 252 252 254 253 254 255 254 255 254 253 255 259 255 257 255 255 253 250 248 247 249 234 236 240 242 239 239 236 239 244 241 246 242 247 246 242 240 235 241 243
-999 -999 -999 -999 -999 -999 -999 -999 -999 -999 -999 -999 -999 -999 -999 -999 -999 -999 -999 -999 -999 -999 -999 -999 -999 -999 -999 -999 260 260 258 253 250 244 241 244 246 245 246 245 243 244 246 245 247 261 256 259 254 246 242 249 255 255 255 254 254 254 254 254 254 256 257 254 253 258 259 254 254 247 246 240 240 242 247 244 242 243 244 239 243 242 244 246 248 249 249 244 241 240 240 238 234 246
