data/lyr.1.asc
NCOLS 654
NROWS 866
XLLCORNER 3280414.711633467
YLLCORNER 5237500.62890625
CELLSIZE 1000
NODATA_VALUE -999
[rows 697 to 737 of 866, columns 470 to 563 of 654]
256 255 255 257 257 256 254 257 253 254 255 256 254 255 258 254 257 256 256 260 261 260 260 260 261 262 262 262 262 262 262 262 262 262 262 261 262 262 262 262 262 262 263 263 264 264 264 264 264 264 259 264 258 256 254 258 260 253 257 259 256 258 259 256 255 257 244 244 248 250 255 251 249 246 249 251 258 257 249 249 251 248 248 252 245 245 242 238 226 226 232 217 224 234
251 254 253 257 255 252 253 253 255 255 254 255 253 254 256 256 257 258 260 260 261 261 261 261 261 262 262 262 262 263 262 262 263 261 261 261 262 262 262 262 262 263 263 264 264 265 265 264 265 265 265 264 265 259 256 256 257 255 254 257 255 256 257 255 259 259 252 254 251 252 253 252 248 249 248 255 254 261 255 251 249 250 250 252 245 247 242 234 232 224 227 226 217 223
253 255 256 255 255 254 249 249 251 252 253 254 256 256 253 254 256 260 260 260 261 261 261 261 261 262 262 263 262 262 263 264 262 261 262 262 262 262 262 262 262 262 263 263 264 264 265 265 265 265 265 265 265 264 258 263 259 254 252 256 258 259 255 255 258 259 255 256 252 249 252 252 250 251 248 252 257 259 255 252 250 250 251 254 247 248 240 225 228 227 234 240 230 222
256 255 255 252 253 252 249 253 252 254 254 255 256 258 256 258 260 260 260 260 261 261 262 262 263 263 263 263 263 263 261 261 260 261 261 261 262 262 263 263 263 263 263 264 264 265 265 265 265 265 265 265 265 262 259 262 257 255 252 251 254 254 257 257 257 259 255 255 256 252 254 257 252 255 255 252 260 255 253 250 253 250 252 254 250 247 238 227 234 229 238 247 242 236
253 254 254 254 250 249 252 254 255 251 254 254 253 255 259 259 259 260 261 261 261 261 262 262 262 263 263 263 260 258 260 259 260 260 260 261 262 262 262 263 263 263 263 264 264 264 265 265 265 265 265 266 266 264 261 258 258 255 255 254 254 253 256 257 258 256 258 260 258 255 257 258 252 254 255 255 262 255 251 253 254 254 251 253 256 252 242 243 241 234 245 247 243 245
254 253 254 253 253 252 253 251 253 255 253 254 257 259 259 260 260 260 261 261 261 261 262 262 263 258 258 259 259 257 256 257 258 257 259 259 260 261 262 262 262 263 263 263 264 264 265 265 265 265 266 266 265 266 264 259 259 256 256 258 258 251 255 253 254 258 260 260 258 259 255 259 252 256 258 257 262 255 257 254 254 254 253 253 252 257 249 247 242 239 244 244 235 241
254 254 251 252 255 251 254 253 253 255 258 259 259 259 259 259 260 260 261 261 261 262 262 262 259 256 256 256 255 256 257 255 259 257 257 258 256 259 261 262 262 263 264 264 264 264 264 265 266 266 266 266 266 266 266 266 259 255 257 258 261 258 256 253 251 253 257 257 255 260 256 257 258 253 254 256 262 256 256 256 256 254 255 255 251 257 253 249 251 251 248 245 246 245
257 254 254 254 257 253 257 258 258 259 259 259 259 259 259 259 260 261 261 261 261 262 259 259 259 256 257 255 257 256 258 257 257 259 259 258 258 257 258 260 261 262 262 264 264 264 264 264 265 266 266 265 264 262 261 265 266 258 257 259 261 258 257 259 254 247 251 253 257 256 257 258 260 259 253 255 261 258 258 254 257 256 256 256 252 254 250 254 251 252 251 248 248 247
257 258 259 259 259 258 258 259 259 259 259 259 259 259 259 259 260 261 260 258 257 258 255 257 257 256 258 258 257 256 257 259 257 260 259 258 259 257 258 260 262 262 263 264 263 263 263 264 264 264 266 264 263 262 258 259 259 266 258 262 262 257 256 257 256 250 245 254 256 257 260 256 256 259 255 254 258 255 255 257 259 259 259 253 254 253 258 254 257 252 251 249 249 246
260 261 260 259 259 258 259 258 258 259 259 259 259 259 260 258 256 255 256 255 258 257 255 257 255 257 256 259 258 258 259 261 261 261 261 262 262 262 261 261 260 259 262 262 262 262 262 264 264 264 265 263 262 260 258 258 259 263 266 262 262 259 257 258 258 256 254 253 254 257 258 261 261 259 259 258 264 259 256 257 256 260 258 256 256 254 260 256 253 251 247 252 249 244
260 260 260 260 259 258 259 259 259 259 259 259 259 260 258 256 256 255 253 255 255 254 255 257 258 258 258 260 261 261 261 261 261 262 262 262 262 262 262 263 263 263 262 262 261 262 260 262 263 264 263 262 262 262 263 262 262 265 264 262 266 262 258 259 261 258 255 256 256 255 256 256 264 263 258 258 261 260 259 257 259 256 259 257 257 255 255 260 252 253 253 252 250 249
260 260 260 260 259 258 259 258 259 259 257 256 254 254 255 254 258 256 251 253 255 255 255 255 255 260 261 261 261 261 260 259 257 257 259 260 262 261 263 263 264 264 264 264 264 262 261 261 261 263 262 264 263 265 264 264 266 261 264 261 261 265 262 262 263 262 258 263 260 261 259 258 263 258 258 259 256 263 263 257 260 259 261 263 255 258 257 256 255 254 254 252 250 250
261 261 260 260 259 259 259 258 255 256 251 252 252 254 253 254 257 254 252 249 254 254 257 257 257 260 260 258 257 256 259 255 256 258 260 260 259 256 257 262 264 264 264 264 265 265 265 265 265 264 264 266 267 266 265 264 263 262 262 260 260 262 264 265 262 260 262 264 265 264 264 261 260 257 258 256 256 263 260 258 261 260 260 260 259 252 254 259 254 253 252 251 250 250
258 258 260 255 258 253 257 252 253 256 251 250 253 256 255 253 253 252 253 254 253 255 257 259 259 258 259 258 257 256 255 257 258 259 260 260 259 257 257 257 264 264 264 264 265 265 265 266 266 266 266 266 266 266 264 263 262 262 262 260 258 258 258 259 262 260 260 257 256 258 261 263 264 261 258 256 258 259 260 259 261 -999 -999 -999 265 255 251 256 253 252 251 249 254 250
255 258 256 253 257 253 257 251 255 253 252 254 253 256 253 254 253 253 255 253 258 259 259 259 259 256 258 257 257 256 257 257 257 256 258 258 259 262 263 263 263 263 264 264 265 265 265 266 266 266 266 263 263 264 260 261 259 262 262 258 257 258 259 259 259 260 258 258 256 256 259 259 260 264 262 259 265 265 265 265 265 -999 -999 -999 -999 260 253 256 258 246 248 247 251 250
255 255 255 254 257 253 256 251 255 251 253 251 254 253 251 251 251 255 251 258 259 259 259 258 257 255 257 256 256 257 259 259 258 259 259 259 262 262 260 259 258 261 261 260 262 263 265 265 265 264 266 263 262 264 261 260 258 259 261 263 261 260 256 255 260 256 257 257 257 255 257 259 260 263 264 264 260 265 262 260 259 -999 -999 -999 -999 -999 266 263 -999 -999 251 251 265 250
252 256 254 254 255 255 254 251 253 251 252 250 255 251 253 251 255 256 258 258 257 256 255 255 255 256 257 258 255 257 257 259 257 259 262 262 262 259 257 257 259 259 260 261 262 264 265 263 261 264 263 263 262 263 262 259 259 257 260 262 259 257 255 257 256 256 252 256 256 253 258 260 260 262 261 261 264 -999 -999 -999 -999 -999 -999 -999 -999 -999 -999 -999 -999 -999 -999 263 262 259
255 256 254 254 254 252 253 254 252 251 252 252 253 253 254 255 258 258 259 257 256 254 255 254 255 256 258 258 257 256 259 259 261 261 261 260 259 260 261 258 256 260 259 262 263 264 261 262 263 264 265 263 262 263 262 259 259 260 260 262 259 257 255 256 256 257 252 255 256 252 256 259 259 257 258 258 264 -999 -999 -999 -999 -999 -999 -999 -999 -999 -999 -999 -999 -999 -999 -999 -999 -999
254 253 253 253 252 252 252 252 252 254 255 254 254 257 259 259 258 258 257 255 254 254 256 254 255 256 257 256 256 254 260 260 259 258 259 258 259 259 257 257 258 260 260 261 263 262 261 262 261 264 263 262 261 262 259 261 260 260 260 261 262 257 255 256 252 255 254 253 251 253 251 258 259 257 254 259 260 259 265 -999 -999 -999 -999 -999 -999 -999 -999 -999 -999 -999 -999 -999 -999 -999
253 252 253 253 251 251 253 253 253 254 254 258 258 258 258 258 256 256 254 254 253 255 254 255 256 254 255 256 257 258 259 257 258 256 256 258 259 256 258 259 260 261 262 263 261 258 261 262 261 264 261 262 263 261 260 261 260 262 258 256 262 262 260 257 256 253 253 256 255 253 256 253 253 256 256 254 257 259 263 -999 -999 -999 -999 -999 -999 -999 -999 -999 -999 -999 -999 -999 -999 -999
253 253 253 253 253 254 254 254 256 257 258 258 258 258 256 255 255 255 254 253 253 254 255 256 254 255 255 256 258 258 259 257 256 256 257 258 259 256 256 256 257 258 260 262 259 257 260 258 258 261 262 262 260 259 260 257 257 259 262 261 262 262 259 260 256 257 253 256 259 255 257 253 253 256 253 251 255 257 265 -999 -999 -999 -999 -999 -999 -999 -999 -999 -999 -999 -999 -999 -999 -999
254 254 253 253 255 254 254 254 257 258 257 257 257 256 255 255 254 253 257 255 254 253 254 257 255 256 259 260 260 258 258 257 257 256 257 256 256 255 257 258 258 261 261 259 259 256 260 257 259 263 260 259 256 256 259 260 261 260 258 260 261 260 261 261 259 259 256 256 258 258 257 256 254 256 256 255 254 254 257 -999 -999 -999 -999 -999 -999 -999 -999 -999 -999 -999 -999 -999 -999 -999
254 254 254 254 255 254 256 257 258 257 255 254 255 257 254 254 253 254 253 253 254 255 255 254 255 259 259 258 257 257 255 257 256 256 256 256 256 255 256 256 261 261 258 256 257 257 259 260 260 262 262 261 256 259 260 259 260 260 256 257 259 257 258 260 256 257 260 260 259 258 260 257 256 259 258 255 254 257 257 -999 -999 -999 -999 -999 -999 -999 -999 -999 -999 -999 -999 -999 -999 -999
254 254 255 257 255 256 257 257 254 253 253 255 256 254 254 253 251 253 255 255 254 253 256 256 257 259 256 256 257 258 257 256 255 256 254 255 255 256 258 258 260 257 256 256 257 259 261 262 261 259 260 257 256 257 259 257 261 259 255 256 258 255 259 257 257 255 258 259 259 261 261 259 259 259 256 256 257 260 263 -999 -999 -999 -999 -999 -999 -999 -999 -999 -999 -999 -999 -999 -999 -999
255 256 255 256 258 257 257 254 253 253 255 255 255 254 252 252 255 254 253 255 256 255 258 258 258 255 255 256 258 257 255 255 257 254 255 256 256 256 258 260 259 256 255 257 256 259 261 257 261 256 259 258 256 257 259 261 261 259 255 251 247 253 257 256 254 257 258 260 260 261 258 259 258 259 260 260 260 262 -999 -999 -999 -999 -999 -999 -999 -999 -999 -999 -999 -999 -999 -999 -999 -999
256 257 256 257 258 256 254 253 253 255 253 256 255 255 253 255 256 255 256 257 255 256 256 256 256 257 255 256 256 255 255 256 257 257 257 258 259 257 256 258 257 255 255 254 257 256 260 256 260 259 256 258 256 254 259 259 261 258 253 249 250 256 258 257 256 256 258 260 260 260 261 259 259 259 259 262 262 263 -999 -999 -999 -999 -999 -999 -999 -999 -999 -999 -999 -999 -999 -999 -999 -999
256 257 258 259 256 255 253 254 253 254 254 255 254 256 254 255 255 255 255 256 255 255 255 254 255 258 254 257 256 255 256 257 256 256 258 256 255 255 255 256 256 256 256 255 254 257 258 257 257 257 255 256 256 253 258 257 258 258 257 253 249 252 257 259 260 258 258 260 259 258 259 262 261 260 262 261 261 -999 -999 -999 -999 -999 -999 -999 -999 -999 -999 -999 -999 -999 -999 -999 -999 -999
256 258 258 258 256 254 253 253 252 253 255 255 252 255 252 253 255 255 256 253 254 255 256 257 256 257 257 255 255 255 256 255 256 256 255 255 255 254 254 256 258 255 254 253 255 254 258 255 255 258 256 257 259 254 254 251 258 256 254 252 251 255 259 258 259 260 259 261 258 257 258 259 262 262 260 262 262 -999 -999 -999 -999 -999 -999 -999 -999 -999 -999 -999 -999 -999 -999 -999 -999 -999
258 259 257 256 253 252 252 252 252 252 253 253 252 254 252 255 255 255 255 253 255 254 254 256 255 255 254 254 254 255 256 255 253 254 255 255 256 255 255 255 255 256 255 254 254 257 258 256 255 256 257 257 259 257 255 255 258 257 255 256 250 254 256 258 260 260 257 260 260 259 260 260 260 261 263 263 263 -999 -999 -999 -999 -999 -999 -999 -999 -999 -999 -999 -999 -999 -999 -999 -999 -999
257 256 254 253 254 253 253 252 254 252 252 254 254 253 253 255 254 256 255 254 253 256 256 257 255 255 254 255 254 255 255 256 256 253 255 255 255 256 254 254 255 258 255 255 257 257 258 257 258 258 259 259 261 259 254 260 260 260 256 258 255 255 259 260 261 261 261 260 262 260 259 260 263 264 264 264 264 264 -999 -999 -999 -999 -999 -999 -999 -999 -999 -999 -999 -999 -999 -999 -999 -999
258 255 254 253 253 254 252 254 254 254 254 254 253 253 252 253 254 253 253 254 256 256 256 256 254 255 254 256 255 254 256 257 254 253 254 254 255 255 254 255 255 255 259 257 255 256 259 258 260 259 261 257 262 259 257 257 260 261 257 260 259 256 255 259 259 262 262 259 259 262 261 263 263 264 264 264 264 264 -999 -999 -999 -999 -999 -999 -999 -999 -999 -999 -999 -999 -999 -999 -999 -999
256 254 253 254 255 254 254 254 255 254 254 255 254 253 254 253 253 253 252 253 254 255 253 253 253 253 254 255 256 255 254 256 256 255 254 253 254 259 254 255 254 254 258 260 257 255 260 262 262 262 262 260 262 262 261 259 260 262 260 257 261 259 256 259 260 259 262 259 260 261 263 263 263 263 264 264 264 264 -999 -999 -999 -999 -999 -999 -999 -999 -999 -999 -999 -999 -999 -999 -999 -999
255 253 255 255 256 255 255 256 256 256 256 256 254 254 255 253 254 253 254 255 256 254 254 255 256 253 256 254 255 256 255 255 258 255 255 256 254 258 256 259 255 255 257 260 261 261 262 262 262 262 262 262 262 262 262 262 262 262 261 257 260 261 259 257 260 261 259 263 263 263 263 263 264 263 264 264 264 -999 -999 -999 -999 -999 -999 -999 -999 -999 -999 -999 -999 -999 -999 -999 -999 -999
254 255 255 256 255 254 254 254 255 255 255 256 257 256 256 253 255 253 254 256 256 256 256 254 256 255 255 256 255 255 258 255 256 255 258 256 256 259 259 261 261 261 261 261 261 261 260 261 258 254 256 260 257 261 260 262 262 263 263 263 263 263 263 261 262 261 263 264 264 264 264 264 264 264 264 264 264 -999 -999 -999 -999 -999 -999 -999 -999 -999 -999 -999 -999 -999 -999 -999 -999 -999
254 255 255 255 255 254 253 252 254 255 254 255 256 256 257 256 256 254 254 255 254 254 257 257 256 256 255 256 256 257 258 259 258 259 260 260 260 260 260 260 260 260 260 260 258 257 256 260 253 254 258 255 253 258 260 260 261 262 262 263 263 263 263 263 263 263 263 264 263 264 264 264 264 264 264 264 264 -999 -999 -999 -999 -999 -999 -999 -999 -999 -999 -999 -999 -999 -999 -999 -999 -999
255 256 255 256 254 253 255 254 253 253 253 255 253 254 256 257 256 256 254 255 254 255 256 255 257 258 258 257 258 258 260 260 259 259 258 256 255 257 255 255 257 260 258 258 254 253 254 260 257 252 257 256 252 254 257 260 257 259 262 260 261 262 261 261 262 262 262 264 264 264 264 264 264 264 264 265 264 -999 -999 -999 -999 -999 -999 -999 -999 -999 -999 -999 -999 -999 -999 -999 -999 -999
255 256 255 254 254 253 253 254 256 253 255 255 255 254 254 256 258 255 254 255 254 256 255 257 256 256 259 259 260 260 257 256 255 255 255 255 254 254 256 255 258 257 255 255 254 254 258 258 254 252 253 254 251 250 255 259 259 260 261 258 258 258 259 260 260 262 263 264 264 264 264 264 264 264 264 265 -999 -999 -999 -999 -999 -999 -999 -999 -999 -999 -999 -999 -999 -999 -999 -999 -999 -999
256 255 254 255 254 253 253 253 255 254 254 255 255 256 256 256 256 257 255 255 255 255 254 254 257 257 258 258 258 256 254 255 256 256 256 256 256 257 258 257 257 254 254 254 257 258 257 255 252 251 251 253 249 251 256 255 254 255 259 255 257 257 259 260 261 263 263 263 263 264 264 264 264 264 264 265 -999 -999 -999 -999 -999 -999 -999 -999 -999 -999 -999 -999 -999 -999 -999 -999 -999 -999
255 254 254 255 256 254 253 254 254 257 256 255 256 257 257 257 258 257 257 258 258 258 258 258 258 258 257 257 255 255 255 255 254 255 254 255 254 255 256 257 254 254 255 254 255 254 256 257 252 250 249 251 249 252 252 255 257 258 258 258 257 257 259 259 261 263 263 263 264 264 264 264 264 264 265 -999 -999 -999 -999 -999 -999 -999 -999 -999 -999 -999 -999 -999 -999 -999 -999 -999 -999 -999
255 252 253 252 255 256 254 254 256 255 257 256 257 258 258 257 256 256 256 257 256 257 257 258 258 257 255 257 255 254 254 255 253 253 254 255 254 256 258 255 253 253 254 254 256 254 255 252 253 252 250 249 250 253 253 254 254 255 257 258 260 259 259 259 260 263 263 263 264 264 264 264 264 264 -999 -999 -999 -999 -999 -999 -999 -999 -999 -999 -999 -999 -999 -999 -999 -999 -999 -999 -999 -999
255 254 253 254 254 255 256 256 255 256 256 257 257 255 255 256 255 256 256 255 253 254 256 257 257 256 257 258 257 254 254 253 255 254 254 255 257 257 254 254 253 253 254 255 257 252 251 251 251 251 249 249 249 251 249 254 254 257 258 257 258 260 260 261 262 263 263 263 264 264 264 264 264 -999 -999 -999 -999 -999 -999 -999 -999 -999 -999 -999 -999 -999 -999 -999 -999 -999 -999 -999 -999 -999
